1777644805207 2.489480972290039 1
1777644805216 2.397848129272461 2
1777644805222 2.097975969314575 3
1777644805227 2.0134501457214355 4
1777644805233 2.1786112785339355 5
1777644805238 2.257661819458008 6
1777644805244 1.9893183708190918 7
1777644805250 2.0224809646606445 8
1777644805255 1.9646620750427246 9
1777644805260 1.891204595565796 10
1777644805266 1.8667762279510498 11
1777644805272 1.8771222829818726 12
1777644805279 2.0106329917907715 13
1777644805286 1.9491713047027588 14
1777644805291 1.818928837776184 15
1777644805296 1.764176607131958 16
1777644805304 1.804174780845642 17
1777644805309 1.8482414484024048 18
1777644805314 1.8448206186294556 19
1777644805319 1.724124550819397 20
1777644806957 1.8433995246887207 21
1777644806961 1.7332983016967773 22
1777644806967 1.7876337766647339 23
1777644806973 1.8259953260421753 24
1777644806979 1.7496528625488281 25
1777644806984 1.8702211380004883 26
1777644806989 1.837371587753296 27
1777644806994 1.707241177558899 28
1777644806999 1.7432206869125366 29
1777644807003 1.6866083145141602 30
1777644807007 1.6592140197753906 31
1777644807013 1.7047929763793945 32
1777644807018 1.713670253753662 33
1777644807023 1.704032301902771 34
1777644807029 1.7141693830490112 35
1777644807034 1.7319395542144775 36
1777644807039 1.737823247909546 37
1777644807045 1.6619106531143188 38
1777644807049 1.6528619527816772 39
1777644807054 1.648662805557251 40
1777644807603 1.619781255722046 41
1777644807611 1.7206838130950928 42
1777644807617 1.5582765340805054 43
1777644807625 1.6077394485473633 44
1777644807632 1.6961569786071777 45
1777644807638 1.7375770807266235 46
1777644807646 1.6731750965118408 47
1777644807652 1.6462856531143188 48
1777644807658 1.7294713258743286 49
1777644807664 1.6131080389022827 50
1777644807670 1.712563157081604 51
1777644807675 1.5695977210998535 52
1777644807680 1.684181571006775 53
1777644807685 1.6511479616165161 54
1777644807690 1.6383349895477295 55
1777644807694 1.6750752925872803 56
1777644807701 1.747340440750122 57
1777644807706 1.6621873378753662 58
1777644807725 1.703115701675415 59
1777644807735 1.709779143333435 60
1777644808314 1.685375452041626 61
1777644808320 1.6784656047821045 62
1777644808325 1.6758440732955933 63
1777644808330 1.702798843383789 64
1777644808335 1.6881617307662964 65
1777644808339 1.5598533153533936 66
1777644808344 1.6956185102462769 67
1777644808349 1.7081507444381714 68
1777644808354 1.7358591556549072 69
1777644808359 1.5936100482940674 70
1777644808364 1.7027862071990967 71
1777644808370 1.7212485074996948 72
1777644808374 1.6535831689834595 73
1777644808379 1.5968670845031738 74
1777644808385 1.6385955810546875 75
1777644808390 1.6394973993301392 76
1777644808396 1.6143795251846313 77
1777644808402 1.5491933822631836 78
1777644808406 1.6102731227874756 79
1777644808412 1.6807146072387695 80
1777644808966 1.6831437349319458 81
1777644808971 1.5610971450805664 82
1777644808977 1.676003336906433 83
1777644808982 1.6462211608886719 84
1777644808987 1.6871299743652344 85
1777644808991 1.61191987991333 86
1777644808997 1.6819891929626465 87
1777644809002 1.6495862007141113 88
1777644809007 1.6725980043411255 89
1777644809012 1.6612601280212402 90
1777644809017 1.689064621925354 91
1777644809022 1.6486586332321167 92
1777644809027 1.753798007965088 93
1777644809033 1.540461778640747 94
1777644809037 1.6818588972091675 95
1777644809042 1.622237205505371 96
1777644809048 1.656715750694275 97
1777644809052 1.6533788442611694 98
1777644809056 1.6685185432434082 99
1777644809061 1.606130838394165 100
1777644809618 1.6322643756866455 101
1777644809626 1.6715598106384277 102
1777644809633 1.5471067428588867 103
1777644809640 1.7581499814987183 104
1777644809647 1.6996362209320068 105
1777644809653 1.6260894536972046 106
1777644809659 1.6001731157302856 107
1777644809664 1.6403391361236572 108
1777644809668 1.5888502597808838 109
1777644809673 1.6610372066497803 110
1777644809680 1.7034974098205566 111
1777644809686 1.6337611675262451 112
1777644809691 1.577882170677185 113
1777644809697 1.7410187721252441 114
1777644809702 1.783219814300537 115
1777644809706 1.5117344856262207 116
1777644809711 1.5757495164871216 117
1777644809717 1.618269681930542 118
1777644809722 1.6789015531539917 119
1777644809727 1.642104983329773 120
1777644810267 1.5895193815231323 121
1777644810275 1.6226909160614014 122
1777644810285 1.6015485525131226 123
1777644810292 1.7065268754959106 124
1777644810299 1.592253565788269 125
1777644810303 1.6875927448272705 126
1777644810307 1.7052351236343384 127
1777644810313 1.6930357217788696 128
1777644810319 1.636305570602417 129
1777644810323 1.7204819917678833 130
1777644810328 1.605122685432434 131
1777644810334 1.659908413887024 132
1777644810339 1.686529278755188 133
1777644810345 1.6822174787521362 134
1777644810350 1.647639274597168 135
1777644810354 1.665693759918213 136
1777644810359 1.6278150081634521 137
1777644810364 1.753596544265747 138
1777644810369 1.6427385807037354 139
1777644810373 1.6092830896377563 140
1777644810908 1.660519003868103 141
1777644810915 1.6371573209762573 142
1777644810923 1.5916253328323364 143
1777644810930 1.6571698188781738 144
1777644810939 1.6186561584472656 145
1777644810948 1.6261141300201416 146
1777644810954 1.6445192098617554 147
1777644810961 1.6099567413330078 148
1777644810971 1.68777334690094 149
1777644810977 1.5743441581726074 150
1777644810982 1.6512117385864258 151
1777644810987 1.6301945447921753 152
1777644810993 1.588698148727417 153
1777644810999 1.6237753629684448 154
1777644811004 1.6497541666030884 155
1777644811009 1.6410895586013794 156
1777644811015 1.7042524814605713 157
1777644811021 1.6776912212371826 158
1777644811025 1.7219563722610474 159
1777644811030 1.6734740734100342 160
1777644811574 1.6197224855422974 161
1777644811582 1.571048378944397 162
1777644811590 1.6752020120620728 163
1777644811597 1.6913132667541504 164
1777644811602 1.6480391025543213 165
1777644811607 1.569807529449463 166
1777644811612 1.7105193138122559 167
1777644811617 1.5966719388961792 168
1777644811621 1.651584267616272 169
1777644811626 1.533489465713501 170
1777644811632 1.713107943534851 171
1777644811637 1.628759741783142 172
1777644811642 1.7173699140548706 173
1777644811648 1.6485943794250488 174
1777644811654 1.6337021589279175 175
1777644811659 1.7371877431869507 176
1777644811665 1.515781044960022 177
1777644811670 1.5445070266723633 178
1777644811675 1.6417495012283325 179
1777644811681 1.663617730140686 180
1777644812220 1.5801857709884644 181
1777644812226 1.5277475118637085 182
1777644812235 1.68535578250885 183
1777644812243 1.6568273305892944 184
1777644812250 1.6713649034500122 185
1777644812256 1.5675222873687744 186
1777644812263 1.6619386672973633 187
1777644812268 1.7110060453414917 188
1777644812272 1.7104542255401611 189
1777644812277 1.5738072395324707 190
1777644812282 1.632002830505371 191
1777644812287 1.5783429145812988 192
1777644812294 1.7147059440612793 193
1777644812299 1.6638025045394897 194
1777644812303 1.6171218156814575 195
1777644812309 1.6446081399917603 196
1777644812314 1.6379406452178955 197
1777644812319 1.7346845865249634 198
1777644812324 1.6928441524505615 199
1777644812329 1.6360892057418823 200
1777644812876 1.5847355127334595 201
1777644812886 1.6856627464294434 202
1777644812895 1.6006948947906494 203
1777644812901 1.629242181777954 204
1777644812906 1.5452020168304443 205
1777644812911 1.6473324298858643 206
1777644812916 1.554780125617981 207
1777644812921 1.5845434665679932 208
1777644812926 1.6197013854980469 209
1777644812931 1.6484768390655518 210
1777644812937 1.536264181137085 211
1777644812943 1.5439019203186035 212
1777644812948 1.5995244979858398 213
1777644812953 1.7258468866348267 214
1777644812957 1.6522200107574463 215
1777644812961 1.5890191793441772 216
1777644812967 1.7034155130386353 217
1777644812971 1.6733096837997437 218
1777644812976 1.6319036483764648 219
1777644812981 1.6686700582504272 220
1777644813544 1.6355278491973877 221
1777644813553 1.6056201457977295 222
1777644813558 1.704789161682129 223
1777644813563 1.6943104267120361 224
1777644813569 1.618735909461975 225
1777644813573 1.5409711599349976 226
1777644813577 1.6640825271606445 227
1777644813582 1.5192183256149292 228
1777644813587 1.629496693611145 229
1777644813592 1.6288310289382935 230
1777644813598 1.5709201097488403 231
1777644813604 1.6023156642913818 232
1777644813609 1.6720483303070068 233
1777644813614 1.6012022495269775 234
1777644813620 1.6138770580291748 235
1777644813625 1.6713218688964844 236
1777644813630 1.6400338411331177 237
1777644813636 1.59749436378479 238
1777644813640 1.6633213758468628 239
1777644813645 1.589053988456726 240
1777644814195 1.6029646396636963 241
1777644814204 1.6394424438476562 242
1777644814212 1.5798494815826416 243
1777644814218 1.5980918407440186 244
1777644814223 1.5393240451812744 245
1777644814229 1.6314125061035156 246
1777644814234 1.5776457786560059 247
1777644814238 1.6179265975952148 248
1777644814243 1.6916968822479248 249
1777644814249 1.5575093030929565 250
1777644814254 1.64415442943573 251
1777644814258 1.6688674688339233 252
1777644814263 1.6079424619674683 253
1777644814269 1.5273258686065674 254
1777644814274 1.6201144456863403 255
1777644814279 1.6609747409820557 256
1777644814283 1.7582954168319702 257
1777644814287 1.575357437133789 258
1777644814291 1.6009975671768188 259
1777644814297 1.692325234413147 260
1777644814865 1.5353810787200928 261
1777644814872 1.6315128803253174 262
1777644814878 1.6289217472076416 263
1777644814884 1.6536307334899902 264
1777644814888 1.6466223001480103 265
1777644814893 1.664773941040039 266
1777644814898 1.7302186489105225 267
1777644814902 1.5660988092422485 268
1777644814907 1.639706015586853 269
1777644814912 1.5955045223236084 270
1777644814917 1.6170616149902344 271
1777644814922 1.7102478742599487 272
1777644814926 1.587952971458435 273
1777644814933 1.549067497253418 274
1777644814938 1.6529040336608887 275
1777644814943 1.5709699392318726 276
1777644814949 1.6381027698516846 277
1777644814953 1.6288121938705444 278
1777644814958 1.6056060791015625 279
1777644814964 1.6333848237991333 280
1777644815545 1.6438502073287964 281
1777644815551 1.6064784526824951 282
1777644815555 1.6178250312805176 283
1777644815561 1.677765965461731 284
1777644815567 1.6071116924285889 285
1777644815573 1.6319544315338135 286
1777644815578 1.6099536418914795 287
1777644815584 1.6407721042633057 288
1777644815588 1.6079392433166504 289
1777644815593 1.6253607273101807 290
1777644815598 1.634564757347107 291
1777644815603 1.6170079708099365 292
1777644815607 1.6553411483764648 293
1777644815613 1.5838136672973633 294
1777644815618 1.6362460851669312 295
1777644815623 1.662050724029541 296
1777644815631 1.642236590385437 297
1777644815636 1.7537493705749512 298
1777644815640 1.6834815740585327 299
1777644815645 1.6661823987960815 300
