1777643950264 nan 1
1777643950272 nan 2
1777643950277 nan 3
1777643950281 nan 4
1777643950287 nan 5
1777643950292 nan 6
1777643950297 nan 7
1777643950301 nan 8
1777643950306 nan 9
1777643950312 nan 10
1777643950316 nan 11
1777643950323 nan 12
1777643950328 nan 13
1777643950332 nan 14
1777643950338 nan 15
1777643950343 nan 16
1777643950348 nan 17
1777643950354 nan 18
1777643950359 nan 19
1777643950364 nan 20
1777643951996 nan 21
1777643952001 nan 22
1777643952006 nan 23
1777643952012 nan 24
1777643952017 nan 25
1777643952022 nan 26
1777643952028 nan 27
1777643952033 nan 28
1777643952039 nan 29
1777643952045 nan 30
1777643952049 nan 31
1777643952054 nan 32
1777643952060 nan 33
1777643952064 nan 34
1777643952068 nan 35
1777643952076 nan 36
1777643952081 nan 37
1777643952087 nan 38
1777643952092 nan 39
1777643952096 nan 40
1777643952673 nan 41
1777643952678 nan 42
1777643952682 nan 43
1777643952686 nan 44
1777643952693 nan 45
1777643952699 nan 46
1777643952705 nan 47
1777643952710 nan 48
1777643952714 nan 49
1777643952720 nan 50
1777643952725 nan 51
1777643952733 nan 52
1777643952738 nan 53
1777643952743 nan 54
1777643952747 nan 55
1777643952752 nan 56
1777643952758 nan 57
1777643952763 nan 58
1777643952769 nan 59
1777643952776 nan 60
1777643953313 nan 61
1777643953322 nan 62
1777643953330 nan 63
1777643953339 nan 64
1777643953345 nan 65
1777643953352 nan 66
1777643953360 nan 67
1777643953366 nan 68
1777643953372 nan 69
1777643953377 nan 70
1777643953381 nan 71
1777643953387 nan 72
1777643953392 nan 73
1777643953396 nan 74
1777643953401 nan 75
1777643953406 nan 76
1777643953410 nan 77
1777643953414 nan 78
1777643953420 nan 79
1777643953424 nan 80
1777643953954 nan 81
1777643953961 nan 82
1777643953969 nan 83
1777643953977 nan 84
1777643953984 nan 85
1777643953991 nan 86
1777643953997 nan 87
1777643954004 nan 88
1777643954009 nan 89
1777643954013 nan 90
1777643954018 nan 91
1777643954024 nan 92
1777643954030 nan 93
1777643954036 nan 94
1777643954042 nan 95
1777643954047 nan 96
1777643954052 nan 97
1777643954057 nan 98
1777643954062 nan 99
1777643954067 nan 100
1777643954578 nan 101
1777643954586 nan 102
1777643954593 nan 103
1777643954602 nan 104
1777643954609 nan 105
1777643954617 nan 106
1777643954625 nan 107
1777643954632 nan 108
1777643954640 nan 109
1777643954649 nan 110
1777643954657 nan 111
1777643954664 nan 112
1777643954669 nan 113
1777643954674 nan 114
1777643954679 nan 115
1777643954683 nan 116
1777643954688 nan 117
1777643954693 nan 118
1777643954698 nan 119
1777643954703 nan 120
1777643955240 nan 121
1777643955249 nan 122
1777643955257 nan 123
1777643955265 nan 124
1777643955272 nan 125
1777643955279 nan 126
1777643955289 nan 127
1777643955296 nan 128
1777643955302 nan 129
1777643955308 nan 130
1777643955315 nan 131
1777643955320 nan 132
1777643955324 nan 133
1777643955329 nan 134
1777643955333 nan 135
1777643955338 nan 136
1777643955343 nan 137
1777643955348 nan 138
1777643955353 nan 139
1777643955357 nan 140
1777643955907 nan 141
1777643955914 nan 142
1777643955921 nan 143
1777643955927 nan 144
1777643955933 nan 145
1777643955938 nan 146
1777643955942 nan 147
1777643955947 nan 148
1777643955952 nan 149
1777643955956 nan 150
1777643955961 nan 151
1777643955966 nan 152
1777643955971 nan 153
1777643955977 nan 154
1777643955982 nan 155
1777643955987 nan 156
1777643955993 nan 157
1777643955997 nan 158
1777643956002 nan 159
1777643956007 nan 160
1777643956561 nan 161
1777643956570 nan 162
1777643956577 nan 163
1777643956584 nan 164
1777643956590 nan 165
1777643956595 nan 166
1777643956601 nan 167
1777643956606 nan 168
1777643956611 nan 169
1777643956616 nan 170
1777643956623 nan 171
1777643956627 nan 172
1777643956631 nan 173
1777643956637 nan 174
1777643956642 nan 175
1777643956648 nan 176
1777643956652 nan 177
1777643956657 nan 178
1777643956663 nan 179
1777643956668 nan 180
1777643957220 nan 181
1777643957228 nan 182
1777643957233 nan 183
1777643957238 nan 184
1777643957243 nan 185
1777643957248 nan 186
1777643957253 nan 187
1777643957257 nan 188
1777643957262 nan 189
1777643957267 nan 190
1777643957272 nan 191
1777643957277 nan 192
1777643957281 nan 193
1777643957286 nan 194
1777643957292 nan 195
1777643957297 nan 196
1777643957302 nan 197
1777643957307 nan 198
1777643957312 nan 199
1777643957317 nan 200
1777643957872 nan 201
1777643957881 nan 202
1777643957888 nan 203
1777643957896 nan 204
1777643957903 nan 205
1777643957908 nan 206
1777643957913 nan 207
1777643957917 nan 208
1777643957923 nan 209
1777643957927 nan 210
1777643957931 nan 211
1777643957937 nan 212
1777643957942 nan 213
1777643957948 nan 214
1777643957953 nan 215
1777643957958 nan 216
1777643957962 nan 217
1777643957968 nan 218
1777643957973 nan 219
1777643957979 nan 220
1777643958537 nan 221
1777643958543 nan 222
1777643958547 nan 223
1777643958553 nan 224
1777643958559 nan 225
1777643958564 nan 226
1777643958569 nan 227
1777643958574 nan 228
1777643958578 nan 229
1777643958583 nan 230
1777643958588 nan 231
1777643958593 nan 232
1777643958598 nan 233
1777643958603 nan 234
1777643958608 nan 235
1777643958614 nan 236
1777643958619 nan 237
1777643958625 nan 238
1777643958630 nan 239
1777643958635 nan 240
1777643959230 nan 241
1777643959236 nan 242
1777643959240 nan 243
1777643959247 nan 244
1777643959253 nan 245
1777643959258 nan 246
1777643959264 nan 247
1777643959270 nan 248
1777643959274 nan 249
1777643959280 nan 250
1777643959285 nan 251
1777643959291 nan 252
1777643959297 nan 253
1777643959309 nan 254
1777643959314 nan 255
1777643959319 nan 256
1777643959324 nan 257
1777643959329 nan 258
1777643959334 nan 259
1777643959340 nan 260
1777643959899 nan 261
1777643959905 nan 262
1777643959909 nan 263
1777643959914 nan 264
1777643959919 nan 265
1777643959924 nan 266
1777643959929 nan 267
1777643959933 nan 268
1777643959939 nan 269
1777643959944 nan 270
1777643959948 nan 271
1777643959953 nan 272
1777643959958 nan 273
1777643959963 nan 274
1777643959969 nan 275
1777643959974 nan 276
1777643959980 nan 277
1777643959985 nan 278
1777643959991 nan 279
1777643959996 nan 280
1777643960540 nan 281
1777643960549 nan 282
1777643960555 nan 283
1777643960562 nan 284
1777643960572 nan 285
1777643960579 nan 286
1777643960586 nan 287
1777643960591 nan 288
1777643960597 nan 289
1777643960602 nan 290
1777643960608 nan 291
1777643960613 nan 292
1777643960618 nan 293
1777643960623 nan 294
1777643960627 nan 295
1777643960632 nan 296
1777643960637 nan 297
1777643960643 nan 298
1777643960647 nan 299
1777643960651 nan 300
