1777640154081 nan 1
1777640154089 nan 2
1777640154094 nan 3
1777640154100 nan 4
1777640154106 nan 5
1777640154112 nan 6
1777640154116 nan 7
1777640154123 nan 8
1777640154128 nan 9
1777640154133 nan 10
1777640154137 nan 11
1777640154142 nan 12
1777640154146 nan 13
1777640154150 nan 14
1777640154156 nan 15
1777640154161 nan 16
1777640154165 nan 17
1777640154170 nan 18
1777640154175 nan 19
1777640154183 nan 20
1777640155783 nan 21
1777640155787 nan 22
1777640155792 nan 23
1777640155797 nan 24
1777640155803 nan 25
1777640155810 nan 26
1777640155816 nan 27
1777640155822 nan 28
1777640155826 nan 29
1777640155832 nan 30
1777640155837 nan 31
1777640155842 nan 32
1777640155846 nan 33
1777640155851 nan 34
1777640155856 nan 35
1777640155862 nan 36
1777640155868 nan 37
1777640155872 nan 38
1777640155878 nan 39
1777640155883 nan 40
1777640156414 nan 41
1777640156420 nan 42
1777640156425 nan 43
1777640156431 nan 44
1777640156437 nan 45
1777640156442 nan 46
1777640156447 nan 47
1777640156452 nan 48
1777640156457 nan 49
1777640156461 nan 50
1777640156466 nan 51
1777640156471 nan 52
1777640156477 nan 53
1777640156483 nan 54
1777640156488 nan 55
1777640156493 nan 56
1777640156498 nan 57
1777640156502 nan 58
1777640156507 nan 59
1777640156513 nan 60
1777640157037 nan 61
1777640157042 nan 62
1777640157047 nan 63
1777640157052 nan 64
1777640157057 nan 65
1777640157062 nan 66
1777640157067 nan 67
1777640157072 nan 68
1777640157077 nan 69
1777640157082 nan 70
1777640157087 nan 71
1777640157093 nan 72
1777640157098 nan 73
1777640157102 nan 74
1777640157108 nan 75
1777640157112 nan 76
1777640157116 nan 77
1777640157121 nan 78
1777640157126 nan 79
1777640157131 nan 80
1777640157673 nan 81
1777640157678 nan 82
1777640157684 nan 83
1777640157689 nan 84
1777640157694 nan 85
1777640157700 nan 86
1777640157705 nan 87
1777640157709 nan 88
1777640157713 nan 89
1777640157718 nan 90
1777640157723 nan 91
1777640157727 nan 92
1777640157732 nan 93
1777640157737 nan 94
1777640157743 nan 95
1777640157748 nan 96
1777640157755 nan 97
1777640157760 nan 98
1777640157765 nan 99
1777640157771 nan 100
1777640158317 nan 101
1777640158323 nan 102
1777640158329 nan 103
1777640158333 nan 104
1777640158338 nan 105
1777640158343 nan 106
1777640158347 nan 107
1777640158353 nan 108
1777640158359 nan 109
1777640158364 nan 110
1777640158371 nan 111
1777640158377 nan 112
1777640158383 nan 113
1777640158389 nan 114
1777640158394 nan 115
1777640158400 nan 116
1777640158405 nan 117
1777640158411 nan 118
1777640158416 nan 119
1777640158421 nan 120
1777640158950 nan 121
1777640158956 nan 122
1777640158962 nan 123
1777640158967 nan 124
1777640158972 nan 125
1777640158978 nan 126
1777640158983 nan 127
1777640158990 nan 128
1777640158995 nan 129
1777640159000 nan 130
1777640159006 nan 131
1777640159011 nan 132
1777640159016 nan 133
1777640159023 nan 134
1777640159028 nan 135
1777640159033 nan 136
1777640159038 nan 137
1777640159044 nan 138
1777640159049 nan 139
1777640159054 nan 140
1777640159602 nan 141
1777640159608 nan 142
1777640159620 nan 143
1777640159624 nan 144
1777640159629 nan 145
1777640159632 nan 146
1777640159638 nan 147
1777640159642 nan 148
1777640159647 nan 149
1777640159652 nan 150
1777640159657 nan 151
1777640159663 nan 152
1777640159667 nan 153
1777640159674 nan 154
1777640159680 nan 155
1777640159684 nan 156
1777640159690 nan 157
1777640159695 nan 158
1777640159699 nan 159
1777640159703 nan 160
1777640160243 nan 161
1777640160248 nan 162
1777640160254 nan 163
1777640160258 nan 164
1777640160263 nan 165
1777640160268 nan 166
1777640160276 nan 167
1777640160281 nan 168
1777640160287 nan 169
1777640160292 nan 170
1777640160297 nan 171
1777640160302 nan 172
1777640160308 nan 173
1777640160313 nan 174
1777640160318 nan 175
1777640160324 nan 176
1777640160329 nan 177
1777640160334 nan 178
1777640160340 nan 179
1777640160344 nan 180
1777640160890 nan 181
1777640160895 nan 182
1777640160901 nan 183
1777640160906 nan 184
1777640160911 nan 185
1777640160916 nan 186
1777640160922 nan 187
1777640160926 nan 188
1777640160931 nan 189
1777640160935 nan 190
1777640160941 nan 191
1777640160946 nan 192
1777640160950 nan 193
1777640160956 nan 194
1777640160961 nan 195
1777640160967 nan 196
1777640160971 nan 197
1777640160976 nan 198
1777640160981 nan 199
1777640160987 nan 200
1777640161548 nan 201
1777640161554 nan 202
1777640161560 nan 203
1777640161565 nan 204
1777640161571 nan 205
1777640161576 nan 206
1777640161581 nan 207
1777640161585 nan 208
1777640161590 nan 209
1777640161595 nan 210
1777640161600 nan 211
1777640161605 nan 212
1777640161611 nan 213
1777640161617 nan 214
1777640161622 nan 215
1777640161627 nan 216
1777640161632 nan 217
1777640161636 nan 218
1777640161641 nan 219
1777640161646 nan 220
1777640162183 nan 221
1777640162190 nan 222
1777640162197 nan 223
1777640162202 nan 224
1777640162208 nan 225
1777640162212 nan 226
1777640162216 nan 227
1777640162220 nan 228
1777640162225 nan 229
1777640162229 nan 230
1777640162234 nan 231
1777640162239 nan 232
1777640162245 nan 233
1777640162250 nan 234
1777640162255 nan 235
1777640162261 nan 236
1777640162265 nan 237
1777640162270 nan 238
1777640162274 nan 239
1777640162280 nan 240
1777640162798 nan 241
1777640162804 nan 242
1777640162810 nan 243
1777640162814 nan 244
1777640162818 nan 245
1777640162824 nan 246
1777640162829 nan 247
1777640162834 nan 248
1777640162840 nan 249
1777640162844 nan 250
1777640162849 nan 251
1777640162854 nan 252
1777640162859 nan 253
1777640162863 nan 254
1777640162867 nan 255
1777640162873 nan 256
1777640162879 nan 257
1777640162884 nan 258
1777640162889 nan 259
1777640162894 nan 260
1777640163426 nan 261
1777640163432 nan 262
1777640163437 nan 263
1777640163442 nan 264
1777640163447 nan 265
1777640163452 nan 266
1777640163457 nan 267
1777640163461 nan 268
1777640163467 nan 269
1777640163471 nan 270
1777640163475 nan 271
1777640163479 nan 272
1777640163484 nan 273
1777640163490 nan 274
1777640163495 nan 275
1777640163501 nan 276
1777640163506 nan 277
1777640163511 nan 278
1777640163517 nan 279
1777640163522 nan 280
1777640164057 nan 281
1777640164063 nan 282
1777640164066 nan 283
1777640164071 nan 284
1777640164075 nan 285
1777640164079 nan 286
1777640164084 nan 287
1777640164089 nan 288
1777640164093 nan 289
1777640164098 nan 290
1777640164104 nan 291
1777640164109 nan 292
1777640164114 nan 293
1777640164120 nan 294
1777640164126 nan 295
1777640164132 nan 296
1777640164137 nan 297
1777640164143 nan 298
1777640164147 nan 299
1777640164152 nan 300
