1777647146910 2.489480972290039 1
1777647146917 2.397848129272461 2
1777647146923 2.097975969314575 3
1777647146928 2.0134501457214355 4
1777647146934 2.1786112785339355 5
1777647146938 2.257661819458008 6
1777647146943 1.9893183708190918 7
1777647146948 2.0224809646606445 8
1777647146952 1.9646620750427246 9
1777647146957 1.891204595565796 10
1777647146961 1.8667762279510498 11
1777647146967 1.8771222829818726 12
1777647146972 2.0106329917907715 13
1777647146978 1.9491713047027588 14
1777647146983 1.818928837776184 15
1777647146988 1.764176607131958 16
1777647146992 1.804174780845642 17
1777647146998 1.8482414484024048 18
1777647147002 1.8448206186294556 19
1777647147007 1.724124550819397 20
1777647148600 1.8433995246887207 21
1777647148605 1.7332983016967773 22
1777647148612 1.7876337766647339 23
1777647148618 1.8259953260421753 24
1777647148623 1.7496528625488281 25
1777647148628 1.8702211380004883 26
1777647148633 1.837371587753296 27
1777647148638 1.707241177558899 28
1777647148643 1.7432206869125366 29
1777647148648 1.6866083145141602 30
1777647148652 1.6592140197753906 31
1777647148656 1.7047929763793945 32
1777647148661 1.713670253753662 33
1777647148666 1.704032301902771 34
1777647148670 1.7141693830490112 35
1777647148676 1.7319395542144775 36
1777647148680 1.737823247909546 37
1777647148685 1.6619106531143188 38
1777647148689 1.6528619527816772 39
1777647148694 1.648662805557251 40
1777647149218 1.619781255722046 41
1777647149225 1.7206838130950928 42
1777647149232 1.5582765340805054 43
1777647149239 1.6077394485473633 44
1777647149246 1.6961569786071777 45
1777647149253 1.7375770807266235 46
1777647149261 1.6731750965118408 47
1777647149267 1.6462856531143188 48
1777647149274 1.7294713258743286 49
1777647149281 1.6131080389022827 50
1777647149288 1.712563157081604 51
1777647149294 1.5695977210998535 52
1777647149300 1.684181571006775 53
1777647149305 1.6511479616165161 54
1777647149310 1.6383349895477295 55
1777647149315 1.6750752925872803 56
1777647149320 1.747340440750122 57
1777647149325 1.6621873378753662 58
1777647149330 1.703115701675415 59
1777647149335 1.709779143333435 60
1777647149873 1.685375452041626 61
1777647149880 1.6784656047821045 62
1777647149933 1.6758440732955933 63
1777647149944 1.702798843383789 64
1777647149953 1.6881617307662964 65
1777647149973 1.5598533153533936 66
1777647149980 1.6956185102462769 67
1777647149984 1.7081507444381714 68
1777647149989 1.7358591556549072 69
1777647149994 1.5936100482940674 70
1777647149998 1.7027862071990967 71
1777647150003 1.7212485074996948 72
1777647150008 1.6535831689834595 73
1777647150012 1.5968670845031738 74
1777647150018 1.6385955810546875 75
1777647150023 1.6394973993301392 76
1777647150028 1.6143795251846313 77
1777647150032 1.5491933822631836 78
1777647150037 1.6102731227874756 79
1777647150041 1.6807146072387695 80
1777647150591 1.6831437349319458 81
1777647150596 1.5610971450805664 82
1777647150603 1.676003336906433 83
1777647150610 1.6462211608886719 84
1777647150616 1.6871299743652344 85
1777647150621 1.61191987991333 86
1777647150626 1.6819891929626465 87
1777647150631 1.6495862007141113 88
1777647150636 1.6725980043411255 89
1777647150640 1.6612601280212402 90
1777647150645 1.689064621925354 91
1777647150650 1.6486586332321167 92
1777647150653 1.753798007965088 93
1777647150658 1.540461778640747 94
1777647150663 1.6818588972091675 95
1777647150667 1.622237205505371 96
1777647150672 1.656715750694275 97
1777647150676 1.6533788442611694 98
1777647150682 1.6685185432434082 99
1777647150686 1.606130838394165 100
1777647151232 1.6322643756866455 101
1777647151240 1.6715598106384277 102
1777647151249 1.5471067428588867 103
1777647151257 1.7581499814987183 104
1777647151266 1.6996362209320068 105
1777647151271 1.6260894536972046 106
1777647151275 1.6001731157302856 107
1777647151280 1.6403391361236572 108
1777647151285 1.5888502597808838 109
1777647151289 1.6610372066497803 110
1777647151294 1.7034974098205566 111
1777647151299 1.6337611675262451 112
1777647151305 1.577882170677185 113
1777647151310 1.7410187721252441 114
1777647151316 1.783219814300537 115
1777647151322 1.5117344856262207 116
1777647151327 1.5757495164871216 117
1777647151334 1.618269681930542 118
1777647151340 1.6789015531539917 119
1777647151344 1.642104983329773 120
1777647151879 1.5895193815231323 121
1777647151887 1.6226909160614014 122
1777647151896 1.6015485525131226 123
1777647151904 1.7065268754959106 124
1777647151912 1.592253565788269 125
1777647151919 1.6875927448272705 126
1777647151924 1.7052351236343384 127
1777647151928 1.6930357217788696 128
1777647151933 1.636305570602417 129
1777647151937 1.7204819917678833 130
1777647151941 1.605122685432434 131
1777647151945 1.659908413887024 132
1777647151951 1.686529278755188 133
1777647151955 1.6822174787521362 134
1777647151960 1.647639274597168 135
1777647151966 1.665693759918213 136
1777647151971 1.6278150081634521 137
1777647151975 1.753596544265747 138
1777647151981 1.6427385807037354 139
1777647151985 1.6092830896377563 140
1777647152521 1.660519003868103 141
1777647152528 1.6371573209762573 142
1777647152538 1.5916253328323364 143
1777647152545 1.6571698188781738 144
1777647152553 1.6186561584472656 145
1777647152560 1.6261141300201416 146
1777647152568 1.6445192098617554 147
1777647152575 1.6099567413330078 148
1777647152581 1.68777334690094 149
1777647152588 1.5743441581726074 150
1777647152593 1.6512117385864258 151
1777647152598 1.6301945447921753 152
1777647152602 1.588698148727417 153
1777647152607 1.6237753629684448 154
1777647152612 1.6497541666030884 155
1777647152617 1.6410895586013794 156
1777647152621 1.7042524814605713 157
1777647152626 1.6776912212371826 158
1777647152632 1.7219563722610474 159
1777647152637 1.6734740734100342 160
1777647153178 1.6197224855422974 161
1777647153185 1.571048378944397 162
1777647153197 1.6752020120620728 163
1777647153205 1.6913132667541504 164
1777647153211 1.6480391025543213 165
1777647153217 1.569807529449463 166
1777647153222 1.7105193138122559 167
1777647153227 1.5966719388961792 168
1777647153232 1.651584267616272 169
1777647153237 1.533489465713501 170
1777647153242 1.713107943534851 171
1777647153247 1.628759741783142 172
1777647153252 1.7173699140548706 173
1777647153257 1.6485943794250488 174
1777647153261 1.6337021589279175 175
1777647153267 1.7371877431869507 176
1777647153272 1.515781044960022 177
1777647153277 1.5445070266723633 178
1777647153283 1.6417495012283325 179
1777647153287 1.663617730140686 180
1777647153826 1.5801857709884644 181
1777647153833 1.5277475118637085 182
1777647153842 1.68535578250885 183
1777647153850 1.6568273305892944 184
1777647153856 1.6713649034500122 185
1777647153861 1.5675222873687744 186
1777647153871 1.6619386672973633 187
1777647153877 1.7110060453414917 188
1777647153884 1.7104542255401611 189
1777647153889 1.5738072395324707 190
1777647153894 1.632002830505371 191
1777647153899 1.5783429145812988 192
1777647153904 1.7147059440612793 193
1777647153909 1.6638025045394897 194
1777647153913 1.6171218156814575 195
1777647153918 1.6446081399917603 196
1777647153922 1.6379406452178955 197
1777647153927 1.7346845865249634 198
1777647153932 1.6928441524505615 199
1777647153936 1.6360892057418823 200
1777647154471 1.5847355127334595 201
1777647154479 1.6856627464294434 202
1777647154486 1.6006948947906494 203
1777647154495 1.629242181777954 204
1777647154503 1.5452020168304443 205
1777647154508 1.6473324298858643 206
1777647154514 1.554780125617981 207
1777647154521 1.5845434665679932 208
1777647154525 1.6197013854980469 209
1777647154531 1.6484768390655518 210
1777647154535 1.536264181137085 211
1777647154540 1.5439019203186035 212
1777647154545 1.5995244979858398 213
1777647154549 1.7258468866348267 214
1777647154553 1.6522200107574463 215
1777647154557 1.5890191793441772 216
1777647154562 1.7034155130386353 217
1777647154567 1.6733096837997437 218
1777647154571 1.6319036483764648 219
1777647154575 1.6686700582504272 220
1777647155116 1.6355278491973877 221
1777647155125 1.6056201457977295 222
1777647155132 1.704789161682129 223
1777647155139 1.6943104267120361 224
1777647155147 1.618735909461975 225
1777647155156 1.5409711599349976 226
1777647155163 1.6640825271606445 227
1777647155169 1.5192183256149292 228
1777647155174 1.629496693611145 229
1777647155178 1.6288310289382935 230
1777647155183 1.5709201097488403 231
1777647155188 1.6023156642913818 232
1777647155193 1.6720483303070068 233
1777647155198 1.6012022495269775 234
1777647155202 1.6138770580291748 235
1777647155206 1.6713218688964844 236
1777647155212 1.6400338411331177 237
1777647155216 1.59749436378479 238
1777647155221 1.6633213758468628 239
1777647155226 1.589053988456726 240
1777647155756 1.6029646396636963 241
1777647155765 1.6394424438476562 242
1777647155775 1.5798494815826416 243
1777647155785 1.5980918407440186 244
1777647155792 1.5393240451812744 245
1777647155801 1.6314125061035156 246
1777647155808 1.5776457786560059 247
1777647155814 1.6179265975952148 248
1777647155818 1.6916968822479248 249
1777647155823 1.5575093030929565 250
1777647155828 1.64415442943573 251
1777647155832 1.6688674688339233 252
1777647155837 1.6079424619674683 253
1777647155842 1.5273258686065674 254
1777647155847 1.6201144456863403 255
1777647155851 1.6609747409820557 256
1777647155854 1.7582954168319702 257
1777647155859 1.575357437133789 258
1777647155864 1.6009975671768188 259
1777647155869 1.692325234413147 260
1777647156414 1.5353810787200928 261
1777647156422 1.6315128803253174 262
1777647156430 1.6289217472076416 263
1777647156438 1.6536307334899902 264
1777647156447 1.6466223001480103 265
1777647156455 1.664773941040039 266
1777647156461 1.7302186489105225 267
1777647156466 1.5660988092422485 268
1777647156470 1.639706015586853 269
1777647156475 1.5955045223236084 270
1777647156479 1.6170616149902344 271
1777647156484 1.7102478742599487 272
1777647156488 1.587952971458435 273
1777647156493 1.549067497253418 274
1777647156497 1.6529040336608887 275
1777647156501 1.5709699392318726 276
1777647156506 1.6381027698516846 277
1777647156511 1.6288121938705444 278
1777647156516 1.6056060791015625 279
1777647156520 1.6333848237991333 280
1777647157039 1.6438502073287964 281
1777647157051 1.6064784526824951 282
1777647157060 1.6178250312805176 283
1777647157070 1.677765965461731 284
1777647157077 1.6071116924285889 285
1777647157084 1.6319544315338135 286
1777647157091 1.6099536418914795 287
1777647157099 1.6407721042633057 288
1777647157106 1.6079392433166504 289
1777647157113 1.6253607273101807 290
1777647157119 1.634564757347107 291
1777647157123 1.6170079708099365 292
1777647157127 1.6553411483764648 293
1777647157131 1.5838136672973633 294
1777647157136 1.6362460851669312 295
1777647157140 1.662050724029541 296
1777647157145 1.642236590385437 297
1777647157149 1.7537493705749512 298
1777647157153 1.6834815740585327 299
1777647157158 1.6661823987960815 300
