1777644490821 2.489480972290039 1
1777644490829 2.397848129272461 2
1777644490834 2.097975969314575 3
1777644490839 2.0134501457214355 4
1777644490843 2.1786112785339355 5
1777644490851 2.257661819458008 6
1777644490857 1.9893183708190918 7
1777644490863 2.0224809646606445 8
1777644490869 1.9646620750427246 9
1777644490874 1.891204595565796 10
1777644490880 1.8667762279510498 11
1777644490885 1.8771222829818726 12
1777644490890 2.0106329917907715 13
1777644490895 1.9491713047027588 14
1777644490901 1.818928837776184 15
1777644490905 1.764176607131958 16
1777644490911 1.804174780845642 17
1777644490918 1.8482414484024048 18
1777644490923 1.8448206186294556 19
1777644490928 1.724124550819397 20
1777644492590 1.8433995246887207 21
1777644492596 1.7332983016967773 22
1777644492601 1.7876337766647339 23
1777644492607 1.8259953260421753 24
1777644492612 1.7496528625488281 25
1777644492617 1.8702211380004883 26
1777644492621 1.837371587753296 27
1777644492627 1.707241177558899 28
1777644492632 1.7432206869125366 29
1777644492637 1.6866083145141602 30
1777644492642 1.6592140197753906 31
1777644492647 1.7047929763793945 32
1777644492653 1.713670253753662 33
1777644492658 1.704032301902771 34
1777644492663 1.7141693830490112 35
1777644492669 1.7319395542144775 36
1777644492673 1.737823247909546 37
1777644492678 1.6619106531143188 38
1777644492683 1.6528619527816772 39
1777644492688 1.648662805557251 40
1777644493238 1.619781255722046 41
1777644493247 1.7206838130950928 42
1777644493254 1.5582765340805054 43
1777644493262 1.6077394485473633 44
1777644493268 1.6961569786071777 45
1777644493275 1.7375770807266235 46
1777644493282 1.6731750965118408 47
1777644493289 1.6462856531143188 48
1777644493295 1.7294713258743286 49
1777644493301 1.6131080389022827 50
1777644493305 1.712563157081604 51
1777644493309 1.5695977210998535 52
1777644493315 1.684181571006775 53
1777644493320 1.6511479616165161 54
1777644493324 1.6383349895477295 55
1777644493330 1.6750752925872803 56
1777644493336 1.747340440750122 57
1777644493341 1.6621873378753662 58
1777644493345 1.703115701675415 59
1777644493351 1.709779143333435 60
1777644493879 1.685375452041626 61
1777644493885 1.6784656047821045 62
1777644493892 1.6758440732955933 63
1777644493901 1.702798843383789 64
1777644493908 1.6881617307662964 65
1777644493915 1.5598533153533936 66
1777644493921 1.6956185102462769 67
1777644493930 1.7081507444381714 68
1777644493937 1.7358591556549072 69
1777644493941 1.5936100482940674 70
1777644493950 1.7027862071990967 71
1777644493956 1.7212485074996948 72
1777644493960 1.6535831689834595 73
1777644493966 1.5968670845031738 74
1777644493971 1.6385955810546875 75
1777644493975 1.6394973993301392 76
1777644493980 1.6143795251846313 77
1777644493985 1.5491933822631836 78
1777644493990 1.6102731227874756 79
1777644493995 1.6807146072387695 80
1777644494526 1.6831437349319458 81
1777644494534 1.5610971450805664 82
1777644494542 1.676003336906433 83
1777644494549 1.6462211608886719 84
1777644494558 1.6871299743652344 85
1777644494566 1.61191987991333 86
1777644494574 1.6819891929626465 87
1777644494582 1.6495862007141113 88
1777644494589 1.6725980043411255 89
1777644494595 1.6612601280212402 90
1777644494599 1.689064621925354 91
1777644494604 1.6486586332321167 92
1777644494608 1.753798007965088 93
1777644494613 1.540461778640747 94
1777644494618 1.6818588972091675 95
1777644494623 1.622237205505371 96
1777644494627 1.656715750694275 97
1777644494633 1.6533788442611694 98
1777644494637 1.6685185432434082 99
1777644494643 1.606130838394165 100
1777644495173 1.6322643756866455 101
1777644495180 1.6715598106384277 102
1777644495188 1.5471067428588867 103
1777644495195 1.7581499814987183 104
1777644495202 1.6996362209320068 105
1777644495210 1.6260894536972046 106
1777644495217 1.6001731157302856 107
1777644495226 1.6403391361236572 108
1777644495234 1.5888502597808838 109
1777644495241 1.6610372066497803 110
1777644495245 1.7034974098205566 111
1777644495249 1.6337611675262451 112
1777644495254 1.577882170677185 113
1777644495258 1.7410187721252441 114
1777644495263 1.783219814300537 115
1777644495268 1.5117344856262207 116
1777644495273 1.5757495164871216 117
1777644495278 1.618269681930542 118
1777644495282 1.6789015531539917 119
1777644495286 1.642104983329773 120
1777644495835 1.5895193815231323 121
1777644495844 1.6226909160614014 122
1777644495852 1.6015485525131226 123
1777644495861 1.7065268754959106 124
1777644495868 1.592253565788269 125
1777644495876 1.6875927448272705 126
1777644495885 1.7052351236343384 127
1777644495890 1.6930357217788696 128
1777644495895 1.636305570602417 129
1777644495900 1.7204819917678833 130
1777644495905 1.605122685432434 131
1777644495911 1.659908413887024 132
1777644495915 1.686529278755188 133
1777644495920 1.6822174787521362 134
1777644495924 1.647639274597168 135
1777644495929 1.665693759918213 136
1777644495934 1.6278150081634521 137
1777644495939 1.753596544265747 138
1777644495943 1.6427385807037354 139
1777644495948 1.6092830896377563 140
1777644496503 1.660519003868103 141
1777644496511 1.6371573209762573 142
1777644496519 1.5916253328323364 143
1777644496524 1.6571698188781738 144
1777644496529 1.6186561584472656 145
1777644496534 1.6261141300201416 146
1777644496540 1.6445192098617554 147
1777644496545 1.6099567413330078 148
1777644496549 1.68777334690094 149
1777644496554 1.5743441581726074 150
1777644496558 1.6512117385864258 151
1777644496563 1.6301945447921753 152
1777644496568 1.588698148727417 153
1777644496573 1.6237753629684448 154
1777644496577 1.6497541666030884 155
1777644496582 1.6410895586013794 156
1777644496587 1.7042524814605713 157
1777644496592 1.6776912212371826 158
1777644496597 1.7219563722610474 159
1777644496602 1.6734740734100342 160
1777644497153 1.6197224855422974 161
1777644497163 1.571048378944397 162
1777644497169 1.6752020120620728 163
1777644497174 1.6913132667541504 164
1777644497178 1.6480391025543213 165
1777644497183 1.569807529449463 166
1777644497187 1.7105193138122559 167
1777644497193 1.5966719388961792 168
1777644497198 1.651584267616272 169
1777644497203 1.533489465713501 170
1777644497207 1.713107943534851 171
1777644497211 1.628759741783142 172
1777644497216 1.7173699140548706 173
1777644497220 1.6485943794250488 174
1777644497225 1.6337021589279175 175
1777644497230 1.7371877431869507 176
1777644497235 1.515781044960022 177
1777644497239 1.5445070266723633 178
1777644497244 1.6417495012283325 179
1777644497248 1.663617730140686 180
1777644497790 1.5801857709884644 181
1777644497798 1.5277475118637085 182
1777644497805 1.68535578250885 183
1777644497813 1.6568273305892944 184
1777644497819 1.6713649034500122 185
1777644497826 1.5675222873687744 186
1777644497833 1.6619386672973633 187
1777644497839 1.7110060453414917 188
1777644497845 1.7104542255401611 189
1777644497850 1.5738072395324707 190
1777644497854 1.632002830505371 191
1777644497859 1.5783429145812988 192
1777644497864 1.7147059440612793 193
1777644497869 1.6638025045394897 194
1777644497874 1.6171218156814575 195
1777644497878 1.6446081399917603 196
1777644497882 1.6379406452178955 197
1777644497887 1.7346845865249634 198
1777644497894 1.6928441524505615 199
1777644497899 1.6360892057418823 200
1777644498453 1.5847355127334595 201
1777644498461 1.6856627464294434 202
1777644498468 1.6006948947906494 203
1777644498474 1.629242181777954 204
1777644498479 1.5452020168304443 205
1777644498483 1.6473324298858643 206
1777644498489 1.554780125617981 207
1777644498493 1.5845434665679932 208
1777644498498 1.6197013854980469 209
1777644498503 1.6484768390655518 210
1777644498507 1.536264181137085 211
1777644498512 1.5439019203186035 212
1777644498516 1.5995244979858398 213
1777644498522 1.7258468866348267 214
1777644498526 1.6522200107574463 215
1777644498531 1.5890191793441772 216
1777644498535 1.7034155130386353 217
1777644498540 1.6733096837997437 218
1777644498545 1.6319036483764648 219
1777644498549 1.6686700582504272 220
1777644499088 1.6355278491973877 221
1777644499097 1.6056201457977295 222
1777644499106 1.704789161682129 223
1777644499113 1.6943104267120361 224
1777644499118 1.618735909461975 225
1777644499123 1.5409711599349976 226
1777644499128 1.6640825271606445 227
1777644499132 1.5192183256149292 228
1777644499136 1.629496693611145 229
1777644499141 1.6288310289382935 230
1777644499146 1.5709201097488403 231
1777644499150 1.6023156642913818 232
1777644499155 1.6720483303070068 233
1777644499160 1.6012022495269775 234
1777644499165 1.6138770580291748 235
1777644499171 1.6713218688964844 236
1777644499176 1.6400338411331177 237
1777644499181 1.59749436378479 238
1777644499186 1.6633213758468628 239
1777644499191 1.589053988456726 240
1777644499750 1.6029646396636963 241
1777644499758 1.6394424438476562 242
1777644499765 1.5798494815826416 243
1777644499774 1.5980918407440186 244
1777644499781 1.5393240451812744 245
1777644499787 1.6314125061035156 246
1777644499792 1.5776457786560059 247
1777644499796 1.6179265975952148 248
1777644499801 1.6916968822479248 249
1777644499806 1.5575093030929565 250
1777644499811 1.64415442943573 251
1777644499816 1.6688674688339233 252
1777644499821 1.6079424619674683 253
1777644499826 1.5273258686065674 254
1777644499831 1.6201144456863403 255
1777644499837 1.6609747409820557 256
1777644499841 1.7582954168319702 257
1777644499846 1.575357437133789 258
1777644499851 1.6009975671768188 259
1777644499856 1.692325234413147 260
1777644500416 1.5353810787200928 261
1777644500421 1.6315128803253174 262
1777644500426 1.6289217472076416 263
1777644500430 1.6536307334899902 264
1777644500435 1.6466223001480103 265
1777644500440 1.664773941040039 266
1777644500444 1.7302186489105225 267
1777644500449 1.5660988092422485 268
1777644500454 1.639706015586853 269
1777644500459 1.5955045223236084 270
1777644500465 1.6170616149902344 271
1777644500470 1.7102478742599487 272
1777644500475 1.587952971458435 273
1777644500481 1.549067497253418 274
1777644500485 1.6529040336608887 275
1777644500490 1.5709699392318726 276
1777644500495 1.6381027698516846 277
1777644500500 1.6288121938705444 278
1777644500504 1.6056060791015625 279
1777644500509 1.6333848237991333 280
1777644501099 1.6438502073287964 281
1777644501107 1.6064784526824951 282
1777644501113 1.6178250312805176 283
1777644501118 1.677765965461731 284
1777644501129 1.6071116924285889 285
1777644501137 1.6319544315338135 286
1777644501143 1.6099536418914795 287
1777644501149 1.6407721042633057 288
1777644501163 1.6079392433166504 289
1777644501177 1.6253607273101807 290
1777644501186 1.634564757347107 291
1777644501196 1.6170079708099365 292
1777644501207 1.6553411483764648 293
1777644501214 1.5838136672973633 294
1777644501221 1.6362460851669312 295
1777644501232 1.662050724029541 296
1777644501239 1.642236590385437 297
1777644501245 1.7537493705749512 298
1777644501250 1.6834815740585327 299
1777644501255 1.6661823987960815 300
