1777644647743 2.489480972290039 1
1777644647749 2.397848129272461 2
1777644647754 2.097975969314575 3
1777644647760 2.0134501457214355 4
1777644647764 2.1786112785339355 5
1777644647771 2.257661819458008 6
1777644647776 1.9893183708190918 7
1777644647782 2.0224809646606445 8
1777644647788 1.9646620750427246 9
1777644647793 1.891204595565796 10
1777644647799 1.8667762279510498 11
1777644647804 1.8771222829818726 12
1777644647811 2.0106329917907715 13
1777644647817 1.9491713047027588 14
1777644647823 1.818928837776184 15
1777644647828 1.764176607131958 16
1777644647834 1.804174780845642 17
1777644647839 1.8482414484024048 18
1777644647844 1.8448206186294556 19
1777644647849 1.724124550819397 20
1777644649446 1.8433995246887207 21
1777644649452 1.7332983016967773 22
1777644649458 1.7876337766647339 23
1777644649463 1.8259953260421753 24
1777644649468 1.7496528625488281 25
1777644649473 1.8702211380004883 26
1777644649478 1.837371587753296 27
1777644649484 1.707241177558899 28
1777644649488 1.7432206869125366 29
1777644649493 1.6866083145141602 30
1777644649499 1.6592140197753906 31
1777644649504 1.7047929763793945 32
1777644649510 1.713670253753662 33
1777644649517 1.704032301902771 34
1777644649524 1.7141693830490112 35
1777644649530 1.7319395542144775 36
1777644649536 1.737823247909546 37
1777644649542 1.6619106531143188 38
1777644649548 1.6528619527816772 39
1777644649555 1.648662805557251 40
1777644650100 1.619781255722046 41
1777644650108 1.7206838130950928 42
1777644650114 1.5582765340805054 43
1777644650121 1.6077394485473633 44
1777644650126 1.6961569786071777 45
1777644650133 1.7375770807266235 46
1777644650138 1.6731750965118408 47
1777644650143 1.6462856531143188 48
1777644650149 1.7294713258743286 49
1777644650153 1.6131080389022827 50
1777644650158 1.712563157081604 51
1777644650162 1.5695977210998535 52
1777644650168 1.684181571006775 53
1777644650173 1.6511479616165161 54
1777644650179 1.6383349895477295 55
1777644650184 1.6750752925872803 56
1777644650189 1.747340440750122 57
1777644650196 1.6621873378753662 58
1777644650201 1.703115701675415 59
1777644650207 1.709779143333435 60
1777644650735 1.685375452041626 61
1777644650742 1.6784656047821045 62
1777644650749 1.6758440732955933 63
1777644650756 1.702798843383789 64
1777644650764 1.6881617307662964 65
1777644650772 1.5598533153533936 66
1777644650778 1.6956185102462769 67
1777644650786 1.7081507444381714 68
1777644650795 1.7358591556549072 69
1777644650804 1.5936100482940674 70
1777644650811 1.7027862071990967 71
1777644650817 1.7212485074996948 72
1777644650825 1.6535831689834595 73
1777644650832 1.5968670845031738 74
1777644650837 1.6385955810546875 75
1777644650843 1.6394973993301392 76
1777644650848 1.6143795251846313 77
1777644650852 1.5491933822631836 78
1777644650858 1.6102731227874756 79
1777644650863 1.6807146072387695 80
1777644651393 1.6831437349319458 81
1777644651400 1.5610971450805664 82
1777644651457 1.676003336906433 83
1777644651466 1.6462211608886719 84
1777644651472 1.6871299743652344 85
1777644651479 1.61191987991333 86
1777644651485 1.6819891929626465 87
1777644651494 1.6495862007141113 88
1777644651502 1.6725980043411255 89
1777644651507 1.6612601280212402 90
1777644651512 1.689064621925354 91
1777644651517 1.6486586332321167 92
1777644651522 1.753798007965088 93
1777644651527 1.540461778640747 94
1777644651534 1.6818588972091675 95
1777644651541 1.622237205505371 96
1777644651546 1.656715750694275 97
1777644651551 1.6533788442611694 98
1777644651557 1.6685185432434082 99
1777644651561 1.606130838394165 100
1777644652120 1.6322643756866455 101
1777644652125 1.6715598106384277 102
1777644652129 1.5471067428588867 103
1777644652135 1.7581499814987183 104
1777644652140 1.6996362209320068 105
1777644652144 1.6260894536972046 106
1777644652148 1.6001731157302856 107
1777644652154 1.6403391361236572 108
1777644652158 1.5888502597808838 109
1777644652163 1.6610372066497803 110
1777644652168 1.7034974098205566 111
1777644652173 1.6337611675262451 112
1777644652179 1.577882170677185 113
1777644652184 1.7410187721252441 114
1777644652190 1.783219814300537 115
1777644652195 1.5117344856262207 116
1777644652200 1.5757495164871216 117
1777644652206 1.618269681930542 118
1777644652211 1.6789015531539917 119
1777644652217 1.642104983329773 120
1777644652766 1.5895193815231323 121
1777644652773 1.6226909160614014 122
1777644652782 1.6015485525131226 123
1777644652791 1.7065268754959106 124
1777644652797 1.592253565788269 125
1777644652803 1.6875927448272705 126
1777644652807 1.7052351236343384 127
1777644652812 1.6930357217788696 128
1777644652816 1.636305570602417 129
1777644652822 1.7204819917678833 130
1777644652826 1.605122685432434 131
1777644652831 1.659908413887024 132
1777644652835 1.686529278755188 133
1777644652841 1.6822174787521362 134
1777644652846 1.647639274597168 135
1777644652852 1.665693759918213 136
1777644652857 1.6278150081634521 137
1777644652862 1.753596544265747 138
1777644652867 1.6427385807037354 139
1777644652872 1.6092830896377563 140
1777644653449 1.660519003868103 141
1777644653455 1.6371573209762573 142
1777644653459 1.5916253328323364 143
1777644653465 1.6571698188781738 144
1777644653469 1.6186561584472656 145
1777644653474 1.6261141300201416 146
1777644653478 1.6445192098617554 147
1777644653483 1.6099567413330078 148
1777644653488 1.68777334690094 149
1777644653492 1.5743441581726074 150
1777644653497 1.6512117385864258 151
1777644653502 1.6301945447921753 152
1777644653507 1.588698148727417 153
1777644653512 1.6237753629684448 154
1777644653518 1.6497541666030884 155
1777644653523 1.6410895586013794 156
1777644653530 1.7042524814605713 157
1777644653536 1.6776912212371826 158
1777644653541 1.7219563722610474 159
1777644653546 1.6734740734100342 160
1777644654110 1.6197224855422974 161
1777644654118 1.571048378944397 162
1777644654125 1.6752020120620728 163
1777644654130 1.6913132667541504 164
1777644654135 1.6480391025543213 165
1777644654139 1.569807529449463 166
1777644654144 1.7105193138122559 167
1777644654148 1.5966719388961792 168
1777644654154 1.651584267616272 169
1777644654157 1.533489465713501 170
1777644654162 1.713107943534851 171
1777644654167 1.628759741783142 172
1777644654172 1.7173699140548706 173
1777644654177 1.6485943794250488 174
1777644654182 1.6337021589279175 175
1777644654187 1.7371877431869507 176
1777644654191 1.515781044960022 177
1777644654196 1.5445070266723633 178
1777644654201 1.6417495012283325 179
1777644654206 1.663617730140686 180
1777644654750 1.5801857709884644 181
1777644654756 1.5277475118637085 182
1777644654764 1.68535578250885 183
1777644654772 1.6568273305892944 184
1777644654777 1.6713649034500122 185
1777644654782 1.5675222873687744 186
1777644654787 1.6619386672973633 187
1777644654791 1.7110060453414917 188
1777644654795 1.7104542255401611 189
1777644654799 1.5738072395324707 190
1777644654805 1.632002830505371 191
1777644654809 1.5783429145812988 192
1777644654813 1.7147059440612793 193
1777644654818 1.6638025045394897 194
1777644654824 1.6171218156814575 195
1777644654829 1.6446081399917603 196
1777644654835 1.6379406452178955 197
1777644654839 1.7346845865249634 198
1777644654844 1.6928441524505615 199
1777644654849 1.6360892057418823 200
1777644655382 1.5847355127334595 201
1777644655390 1.6856627464294434 202
1777644655396 1.6006948947906494 203
1777644655405 1.629242181777954 204
1777644655413 1.5452020168304443 205
1777644655420 1.6473324298858643 206
1777644655428 1.554780125617981 207
1777644655436 1.5845434665679932 208
1777644655443 1.6197013854980469 209
1777644655450 1.6484768390655518 210
1777644655455 1.536264181137085 211
1777644655460 1.5439019203186035 212
1777644655465 1.5995244979858398 213
1777644655473 1.7258468866348267 214
1777644655477 1.6522200107574463 215
1777644655482 1.5890191793441772 216
1777644655487 1.7034155130386353 217
1777644655493 1.6733096837997437 218
1777644655497 1.6319036483764648 219
1777644655503 1.6686700582504272 220
1777644656039 1.6355278491973877 221
1777644656046 1.6056201457977295 222
1777644656054 1.704789161682129 223
1777644656063 1.6943104267120361 224
1777644656070 1.618735909461975 225
1777644656077 1.5409711599349976 226
1777644656082 1.6640825271606445 227
1777644656087 1.5192183256149292 228
1777644656091 1.629496693611145 229
1777644656096 1.6288310289382935 230
1777644656101 1.5709201097488403 231
1777644656106 1.6023156642913818 232
1777644656111 1.6720483303070068 233
1777644656115 1.6012022495269775 234
1777644656121 1.6138770580291748 235
1777644656125 1.6713218688964844 236
1777644656129 1.6400338411331177 237
1777644656135 1.59749436378479 238
1777644656141 1.6633213758468628 239
1777644656146 1.589053988456726 240
1777644656682 1.6029646396636963 241
1777644656690 1.6394424438476562 242
1777644656697 1.5798494815826416 243
1777644656704 1.5980918407440186 244
1777644656712 1.5393240451812744 245
1777644656721 1.6314125061035156 246
1777644656728 1.5776457786560059 247
1777644656735 1.6179265975952148 248
1777644656743 1.6916968822479248 249
1777644656749 1.5575093030929565 250
1777644656754 1.64415442943573 251
1777644656759 1.6688674688339233 252
1777644656764 1.6079424619674683 253
1777644656768 1.5273258686065674 254
1777644656773 1.6201144456863403 255
1777644656779 1.6609747409820557 256
1777644656783 1.7582954168319702 257
1777644656787 1.575357437133789 258
1777644656793 1.6009975671768188 259
1777644656797 1.692325234413147 260
1777644657367 1.5353810787200928 261
1777644657373 1.6315128803253174 262
1777644657378 1.6289217472076416 263
1777644657384 1.6536307334899902 264
1777644657389 1.6466223001480103 265
1777644657393 1.664773941040039 266
1777644657398 1.7302186489105225 267
1777644657403 1.5660988092422485 268
1777644657408 1.639706015586853 269
1777644657412 1.5955045223236084 270
1777644657417 1.6170616149902344 271
1777644657422 1.7102478742599487 272
1777644657427 1.587952971458435 273
1777644657433 1.549067497253418 274
1777644657438 1.6529040336608887 275
1777644657444 1.5709699392318726 276
1777644657450 1.6381027698516846 277
1777644657455 1.6288121938705444 278
1777644657461 1.6056060791015625 279
1777644657466 1.6333848237991333 280
1777644658010 1.6438502073287964 281
1777644658019 1.6064784526824951 282
1777644658024 1.6178250312805176 283
1777644658029 1.677765965461731 284
1777644658034 1.6071116924285889 285
1777644658039 1.6319544315338135 286
1777644658043 1.6099536418914795 287
1777644658048 1.6407721042633057 288
1777644658053 1.6079392433166504 289
1777644658057 1.6253607273101807 290
1777644658063 1.634564757347107 291
1777644658068 1.6170079708099365 292
1777644658074 1.6553411483764648 293
1777644658078 1.5838136672973633 294
1777644658083 1.6362460851669312 295
1777644658088 1.662050724029541 296
1777644658092 1.642236590385437 297
1777644658097 1.7537493705749512 298
1777644658100 1.6834815740585327 299
1777644658106 1.6661823987960815 300
