1777645178630 2.489480972290039 1
1777645178637 2.397848129272461 2
1777645178643 2.097975969314575 3
1777645178649 2.0134501457214355 4
1777645178654 2.1786112785339355 5
1777645178659 2.257661819458008 6
1777645178666 1.9893183708190918 7
1777645178671 2.0224809646606445 8
1777645178676 1.9646620750427246 9
1777645178682 1.891204595565796 10
1777645178687 1.8667762279510498 11
1777645178694 1.8771222829818726 12
1777645178699 2.0106329917907715 13
1777645178704 1.9491713047027588 14
1777645178710 1.818928837776184 15
1777645178718 1.764176607131958 16
1777645178724 1.804174780845642 17
1777645178729 1.8482414484024048 18
1777645178734 1.8448206186294556 19
1777645178739 1.724124550819397 20
1777645180410 1.8433995246887207 21
1777645180414 1.7332983016967773 22
1777645180420 1.7876337766647339 23
1777645180427 1.8259953260421753 24
1777645180432 1.7496528625488281 25
1777645180437 1.8702211380004883 26
1777645180442 1.837371587753296 27
1777645180447 1.707241177558899 28
1777645180452 1.7432206869125366 29
1777645180456 1.6866083145141602 30
1777645180462 1.6592140197753906 31
1777645180467 1.7047929763793945 32
1777645180472 1.713670253753662 33
1777645180477 1.704032301902771 34
1777645180483 1.7141693830490112 35
1777645180489 1.7319395542144775 36
1777645180495 1.737823247909546 37
1777645180501 1.6619106531143188 38
1777645180505 1.6528619527816772 39
1777645180511 1.648662805557251 40
1777645181072 1.619781255722046 41
1777645181081 1.7206838130950928 42
1777645181088 1.5582765340805054 43
1777645181093 1.6077394485473633 44
1777645181099 1.6961569786071777 45
1777645181104 1.7375770807266235 46
1777645181109 1.6731750965118408 47
1777645181115 1.6462856531143188 48
1777645181120 1.7294713258743286 49
1777645181124 1.6131080389022827 50
1777645181129 1.712563157081604 51
1777645181134 1.5695977210998535 52
1777645181139 1.684181571006775 53
1777645181144 1.6511479616165161 54
1777645181149 1.6383349895477295 55
1777645181155 1.6750752925872803 56
1777645181160 1.747340440750122 57
1777645181166 1.6621873378753662 58
1777645181172 1.703115701675415 59
1777645181178 1.709779143333435 60
1777645181726 1.685375452041626 61
1777645181733 1.6784656047821045 62
1777645181741 1.6758440732955933 63
1777645181750 1.702798843383789 64
1777645181758 1.6881617307662964 65
1777645181765 1.5598533153533936 66
1777645181772 1.6956185102462769 67
1777645181779 1.7081507444381714 68
1777645181783 1.7358591556549072 69
1777645181788 1.5936100482940674 70
1777645181793 1.7027862071990967 71
1777645181799 1.7212485074996948 72
1777645181804 1.6535831689834595 73
1777645181810 1.5968670845031738 74
1777645181816 1.6385955810546875 75
1777645181821 1.6394973993301392 76
1777645181826 1.6143795251846313 77
1777645181831 1.5491933822631836 78
1777645181837 1.6102731227874756 79
1777645181842 1.6807146072387695 80
1777645182400 1.6831437349319458 81
1777645182405 1.5610971450805664 82
1777645182410 1.676003336906433 83
1777645182415 1.6462211608886719 84
1777645182420 1.6871299743652344 85
1777645182425 1.61191987991333 86
1777645182430 1.6819891929626465 87
1777645182435 1.6495862007141113 88
1777645182440 1.6725980043411255 89
1777645182446 1.6612601280212402 90
1777645182450 1.689064621925354 91
1777645182455 1.6486586332321167 92
1777645182460 1.753798007965088 93
1777645182465 1.540461778640747 94
1777645182472 1.6818588972091675 95
1777645182477 1.622237205505371 96
1777645182483 1.656715750694275 97
1777645182488 1.6533788442611694 98
1777645182494 1.6685185432434082 99
1777645182499 1.606130838394165 100
1777645183071 1.6322643756866455 101
1777645183076 1.6715598106384277 102
1777645183081 1.5471067428588867 103
1777645183086 1.7581499814987183 104
1777645183091 1.6996362209320068 105
1777645183097 1.6260894536972046 106
1777645183102 1.6001731157302856 107
1777645183107 1.6403391361236572 108
1777645183114 1.5888502597808838 109
1777645183119 1.6610372066497803 110
1777645183124 1.7034974098205566 111
1777645183129 1.6337611675262451 112
1777645183135 1.577882170677185 113
1777645183139 1.7410187721252441 114
1777645183145 1.783219814300537 115
1777645183150 1.5117344856262207 116
1777645183155 1.5757495164871216 117
1777645183160 1.618269681930542 118
1777645183165 1.6789015531539917 119
1777645183170 1.642104983329773 120
1777645183707 1.5895193815231323 121
1777645183716 1.6226909160614014 122
1777645183723 1.6015485525131226 123
1777645183729 1.7065268754959106 124
1777645183734 1.592253565788269 125
1777645183739 1.6875927448272705 126
1777645183744 1.7052351236343384 127
1777645183749 1.6930357217788696 128
1777645183753 1.636305570602417 129
1777645183758 1.7204819917678833 130
1777645183763 1.605122685432434 131
1777645183767 1.659908413887024 132
1777645183772 1.686529278755188 133
1777645183777 1.6822174787521362 134
1777645183783 1.647639274597168 135
1777645183790 1.665693759918213 136
1777645183796 1.6278150081634521 137
1777645183802 1.753596544265747 138
1777645183806 1.6427385807037354 139
1777645183812 1.6092830896377563 140
1777645184363 1.660519003868103 141
1777645184371 1.6371573209762573 142
1777645184380 1.5916253328323364 143
1777645184388 1.6571698188781738 144
1777645184394 1.6186561584472656 145
1777645184399 1.6261141300201416 146
1777645184403 1.6445192098617554 147
1777645184409 1.6099567413330078 148
1777645184415 1.68777334690094 149
1777645184419 1.5743441581726074 150
1777645184425 1.6512117385864258 151
1777645184430 1.6301945447921753 152
1777645184435 1.588698148727417 153
1777645184440 1.6237753629684448 154
1777645184446 1.6497541666030884 155
1777645184450 1.6410895586013794 156
1777645184454 1.7042524814605713 157
1777645184461 1.6776912212371826 158
1777645184466 1.7219563722610474 159
1777645184470 1.6734740734100342 160
1777645185030 1.6197224855422974 161
1777645185035 1.571048378944397 162
1777645185040 1.6752020120620728 163
1777645185045 1.6913132667541504 164
1777645185050 1.6480391025543213 165
1777645185053 1.569807529449463 166
1777645185059 1.7105193138122559 167
1777645185064 1.5966719388961792 168
1777645185069 1.651584267616272 169
1777645185074 1.533489465713501 170
1777645185080 1.713107943534851 171
1777645185085 1.628759741783142 172
1777645185090 1.7173699140548706 173
1777645185095 1.6485943794250488 174
1777645185100 1.6337021589279175 175
1777645185106 1.7371877431869507 176
1777645185111 1.515781044960022 177
1777645185117 1.5445070266723633 178
1777645185122 1.6417495012283325 179
1777645185127 1.663617730140686 180
1777645185676 1.5801857709884644 181
1777645185684 1.5277475118637085 182
1777645185692 1.68535578250885 183
1777645185702 1.6568273305892944 184
1777645185709 1.6713649034500122 185
1777645185714 1.5675222873687744 186
1777645185719 1.6619386672973633 187
1777645185723 1.7110060453414917 188
1777645185727 1.7104542255401611 189
1777645185733 1.5738072395324707 190
1777645185739 1.632002830505371 191
1777645185745 1.5783429145812988 192
1777645185750 1.7147059440612793 193
1777645185755 1.6638025045394897 194
1777645185760 1.6171218156814575 195
1777645185764 1.6446081399917603 196
1777645185769 1.6379406452178955 197
1777645185775 1.7346845865249634 198
1777645185781 1.6928441524505615 199
1777645185786 1.6360892057418823 200
1777645186343 1.5847355127334595 201
1777645186348 1.6856627464294434 202
1777645186353 1.6006948947906494 203
1777645186359 1.629242181777954 204
1777645186364 1.5452020168304443 205
1777645186369 1.6473324298858643 206
1777645186374 1.554780125617981 207
1777645186380 1.5845434665679932 208
1777645186386 1.6197013854980469 209
1777645186390 1.6484768390655518 210
1777645186396 1.536264181137085 211
1777645186401 1.5439019203186035 212
1777645186405 1.5995244979858398 213
1777645186410 1.7258468866348267 214
1777645186415 1.6522200107574463 215
1777645186420 1.5890191793441772 216
1777645186424 1.7034155130386353 217
1777645186430 1.6733096837997437 218
1777645186436 1.6319036483764648 219
1777645186441 1.6686700582504272 220
1777645187000 1.6355278491973877 221
1777645187008 1.6056201457977295 222
1777645187014 1.704789161682129 223
1777645187020 1.6943104267120361 224
1777645187025 1.618735909461975 225
1777645187030 1.5409711599349976 226
1777645187036 1.6640825271606445 227
1777645187041 1.5192183256149292 228
1777645187046 1.629496693611145 229
1777645187052 1.6288310289382935 230
1777645187056 1.5709201097488403 231
1777645187062 1.6023156642913818 232
1777645187068 1.6720483303070068 233
1777645187073 1.6012022495269775 234
1777645187079 1.6138770580291748 235
1777645187085 1.6713218688964844 236
1777645187090 1.6400338411331177 237
1777645187095 1.59749436378479 238
1777645187100 1.6633213758468628 239
1777645187104 1.589053988456726 240
1777645187648 1.6029646396636963 241
1777645187655 1.6394424438476562 242
1777645187661 1.5798494815826416 243
1777645187666 1.5980918407440186 244
1777645187671 1.5393240451812744 245
1777645187676 1.6314125061035156 246
1777645187683 1.5776457786560059 247
1777645187688 1.6179265975952148 248
1777645187692 1.6916968822479248 249
1777645187698 1.5575093030929565 250
1777645187703 1.64415442943573 251
1777645187707 1.6688674688339233 252
1777645187713 1.6079424619674683 253
1777645187718 1.5273258686065674 254
1777645187723 1.6201144456863403 255
1777645187729 1.6609747409820557 256
1777645187735 1.7582954168319702 257
1777645187740 1.575357437133789 258
1777645187744 1.6009975671768188 259
1777645187749 1.692325234413147 260
1777645188284 1.5353810787200928 261
1777645188292 1.6315128803253174 262
1777645188299 1.6289217472076416 263
1777645188305 1.6536307334899902 264
1777645188315 1.6466223001480103 265
1777645188322 1.664773941040039 266
1777645188329 1.7302186489105225 267
1777645188334 1.5660988092422485 268
1777645188339 1.639706015586853 269
1777645188344 1.5955045223236084 270
1777645188349 1.6170616149902344 271
1777645188353 1.7102478742599487 272
1777645188359 1.587952971458435 273
1777645188364 1.549067497253418 274
1777645188368 1.6529040336608887 275
1777645188373 1.5709699392318726 276
1777645188378 1.6381027698516846 277
1777645188383 1.6288121938705444 278
1777645188389 1.6056060791015625 279
1777645188394 1.6333848237991333 280
1777645188958 1.6438502073287964 281
1777645188966 1.6064784526824951 282
1777645188975 1.6178250312805176 283
1777645188980 1.677765965461731 284
1777645188984 1.6071116924285889 285
1777645188989 1.6319544315338135 286
1777645188993 1.6099536418914795 287
1777645188999 1.6407721042633057 288
1777645189003 1.6079392433166504 289
1777645189007 1.6253607273101807 290
1777645189012 1.634564757347107 291
1777645189017 1.6170079708099365 292
1777645189022 1.6553411483764648 293
1777645189027 1.5838136672973633 294
1777645189032 1.6362460851669312 295
1777645189037 1.662050724029541 296
1777645189043 1.642236590385437 297
1777645189048 1.7537493705749512 298
1777645189053 1.6834815740585327 299
1777645189058 1.6661823987960815 300
