1777714271334 2.661654472351074 1
1777714271341 2.4850687980651855 2
1777714271346 2.1440556049346924 3
1777714271351 2.0423336029052734 4
1777714271356 2.1751151084899902 5
1777714271361 2.235697031021118 6
1777714271365 2.0073368549346924 7
1777714271370 2.024934768676758 8
1777714271375 1.9474865198135376 9
1777714271379 1.9275208711624146 10
1777714271385 1.9129858016967773 11
1777714271390 1.9224328994750977 12
1777714271395 2.0146567821502686 13
1777714271400 1.9799132347106934 14
1777714271404 1.8918497562408447 15
1777714271409 1.779694676399231 16
1777714271413 1.8426889181137085 17
1777714271419 1.8490898609161377 18
1777714271424 1.8461657762527466 19
1777714271430 1.769310712814331 20
1777714272997 1.8822187185287476 21
1777714273014 1.7361390590667725 22
1777714273021 1.7621002197265625 23
1777714273027 1.8213448524475098 24
1777714273034 1.7849538326263428 25
1777714273044 1.9008305072784424 26
1777714273050 1.8153269290924072 27
1777714273054 1.7205085754394531 28
1777714273061 1.7718956470489502 29
1777714273066 1.735368251800537 30
1777714273071 1.6346931457519531 31
1777714273076 1.6886374950408936 32
1777714273081 1.7317174673080444 33
1777714273085 1.6797908544540405 34
1777714273089 1.703566312789917 35
1777714273094 1.6932904720306396 36
1777714273099 1.738397479057312 37
1777714273104 1.665785789489746 38
1777714273108 1.6712360382080078 39
1777714273112 1.6787108182907104 40
1777714273644 1.6651887893676758 41
1777714273650 1.7586930990219116 42
1777714273655 1.5885250568389893 43
1777714273661 1.6483415365219116 44
1777714273665 1.68433678150177 45
1777714273670 1.759474515914917 46
1777714273675 1.736457347869873 47
1777714273680 1.6327414512634277 48
1777714273684 1.7562236785888672 49
1777714273689 1.6474580764770508 50
1777714273693 1.6886464357376099 51
1777714273699 1.5879569053649902 52
1777714273704 1.6919348239898682 53
1777714273708 1.6424957513809204 54
1777714273716 1.7084156274795532 55
1777714273720 1.7117129564285278 56
1777714273725 1.7329034805297852 57
1777714273730 1.6770131587982178 58
1777714273735 1.7230488061904907 59
1777714273740 1.685270071029663 60
1777714274262 1.6730782985687256 61
1777714274266 1.6842290163040161 62
1777714274273 1.6847963333129883 63
1777714274279 1.7154121398925781 64
1777714274284 1.6898596286773682 65
1777714274290 1.582334280014038 66
1777714274295 1.6988110542297363 67
1777714274299 1.7151422500610352 68
1777714274304 1.7183775901794434 69
1777714274309 1.6104435920715332 70
1777714274315 1.669079303741455 71
1777714274320 1.710225224494934 72
1777714274325 1.6466028690338135 73
1777714274331 1.6015775203704834 74
1777714274336 1.6639217138290405 75
1777714274341 1.6753454208374023 76
1777714274346 1.6506413221359253 77
1777714274351 1.6046528816223145 78
1777714274355 1.6392791271209717 79
1777714274360 1.6613869667053223 80
1777714274881 1.6775227785110474 81
1777714274888 1.6123037338256836 82
1777714274895 1.6792320013046265 83
1777714274900 1.6581207513809204 84
1777714274905 1.7076159715652466 85
1777714274910 1.6542457342147827 86
1777714274915 1.6809357404708862 87
1777714274921 1.6526421308517456 88
1777714274927 1.7047901153564453 89
1777714274931 1.6860229969024658 90
1777714274937 1.6766270399093628 91
1777714274941 1.6437686681747437 92
1777714274945 1.7541903257369995 93
1777714274950 1.5542179346084595 94
1777714274956 1.6823527812957764 95
1777714274961 1.6278879642486572 96
1777714274967 1.6766998767852783 97
1777714274972 1.6825531721115112 98
1777714274978 1.6182332038879395 99
1777714274983 1.6342869997024536 100
1777714275506 1.663012146949768 101
1777714275512 1.6842048168182373 102
1777714275517 1.5724316835403442 103
1777714275523 1.7468079328536987 104
1777714275528 1.712547779083252 105
1777714275532 1.6221561431884766 106
1777714275538 1.5806922912597656 107
1777714275543 1.6472901105880737 108
1777714275548 1.5581028461456299 109
1777714275553 1.665003776550293 110
1777714275558 1.7056540250778198 111
1777714275564 1.662624716758728 112
1777714275568 1.5878820419311523 113
1777714275573 1.7132344245910645 114
1777714275579 1.791918396949768 115
1777714275583 1.52720308303833 116
1777714275588 1.5643281936645508 117
1777714275594 1.6269299983978271 118
1777714275600 1.6817042827606201 119
1777714275605 1.61577308177948 120
1777714276133 1.5842716693878174 121
1777714276139 1.6143546104431152 122
1777714276145 1.6145610809326172 123
1777714276151 1.7201592922210693 124
1777714276157 1.5873889923095703 125
1777714276162 1.7079622745513916 126
1777714276166 1.6914987564086914 127
1777714276172 1.6854145526885986 128
1777714276177 1.6521174907684326 129
1777714276182 1.7082815170288086 130
1777714276188 1.5931587219238281 131
1777714276195 1.6667536497116089 132
1777714276199 1.703926920890808 133
1777714276206 1.6715431213378906 134
1777714276212 1.6533664464950562 135
1777714276217 1.6578327417373657 136
1777714276222 1.6525816917419434 137
1777714276227 1.7306910753250122 138
1777714276232 1.655989170074463 139
1777714276236 1.6084516048431396 140
1777714276754 1.6586438417434692 141
1777714276759 1.6718790531158447 142
1777714276765 1.5975576639175415 143
1777714276770 1.6573305130004883 144
1777714276776 1.6097700595855713 145
1777714276780 1.6094839572906494 146
1777714276786 1.6399526596069336 147
1777714276791 1.6202925443649292 148
1777714276795 1.6488080024719238 149
1777714276800 1.574578046798706 150
1777714276805 1.6809580326080322 151
1777714276810 1.6546498537063599 152
1777714276814 1.6170737743377686 153
1777714276818 1.6580991744995117 154
1777714276823 1.6847959756851196 155
1777714276828 1.6458663940429688 156
1777714276834 1.6979796886444092 157
1777714276838 1.676605224609375 158
1777714276843 1.705662727355957 159
1777714276848 1.6535519361495972 160
1777714277375 1.6250717639923096 161
1777714277380 1.5815235376358032 162
1777714277387 1.6812880039215088 163
1777714277393 1.712524652481079 164
1777714277398 1.6526435613632202 165
1777714277404 1.5810468196868896 166
1777714277409 1.717897891998291 167
1777714277414 1.5888210535049438 168
1777714277420 1.6632033586502075 169
1777714277425 1.5391089916229248 170
1777714277431 1.7010148763656616 171
1777714277436 1.6633148193359375 172
1777714277440 1.7257953882217407 173
1777714277446 1.6757872104644775 174
1777714277451 1.6247711181640625 175
1777714277456 1.7406249046325684 176
1777714277461 1.52427339553833 177
1777714277466 1.5313193798065186 178
1777714277471 1.6327894926071167 179
1777714277475 1.6641570329666138 180
1777714277986 1.579615831375122 181
1777714277992 1.5011889934539795 182
1777714277998 1.6959043741226196 183
1777714278005 1.677234411239624 184
1777714278010 1.6599760055541992 185
1777714278016 1.5709948539733887 186
1777714278021 1.6751582622528076 187
1777714278026 1.6901766061782837 188
1777714278032 1.7121107578277588 189
1777714278037 1.5572187900543213 190
1777714278042 1.6295446157455444 191
1777714278047 1.6064563989639282 192
1777714278052 1.703235387802124 193
1777714278057 1.656650185585022 194
1777714278061 1.607405185699463 195
1777714278066 1.645827293395996 196
1777714278072 1.6595549583435059 197
1777714278077 1.7265437841415405 198
1777714278081 1.6641395092010498 199
1777714278086 1.6500300168991089 200
1777714278617 1.5771063566207886 201
1777714278622 1.6825346946716309 202
1777714278627 1.580435037612915 203
1777714278633 1.634156346321106 204
1777714278638 1.5682591199874878 205
1777714278643 1.6502902507781982 206
1777714278649 1.532921552658081 207
1777714278653 1.576486349105835 208
1777714278659 1.5920573472976685 209
1777714278663 1.6518511772155762 210
1777714278669 1.551874041557312 211
1777714278675 1.5394283533096313 212
1777714278679 1.6095807552337646 213
1777714278684 1.7410929203033447 214
1777714278689 1.6439896821975708 215
1777714278693 1.6206215620040894 216
1777714278698 1.7198796272277832 217
1777714278704 1.6664372682571411 218
1777714278709 1.5976120233535767 219
1777714278713 1.6440014839172363 220
1777714279232 1.6581823825836182 221
1777714279239 1.6285293102264404 222
1777714279245 1.7047498226165771 223
1777714279252 1.6664797067642212 224
1777714279258 1.6119054555892944 225
1777714279263 1.5370948314666748 226
1777714279267 1.655243158340454 227
1777714279272 1.5550732612609863 228
1777714279278 1.6498656272888184 229
1777714279283 1.6306140422821045 230
1777714279288 1.5980539321899414 231
1777714279293 1.618855357170105 232
1777714279299 1.6794743537902832 233
1777714279303 1.6024495363235474 234
1777714279308 1.5873973369598389 235
1777714279312 1.674028992652893 236
1777714279316 1.6264792680740356 237
1777714279322 1.6234164237976074 238
1777714279327 1.6525206565856934 239
1777714279331 1.6013394594192505 240
1777714279828 1.5999701023101807 241
1777714279833 1.6249027252197266 242
1777714279839 1.5885250568389893 243
1777714279846 1.5984883308410645 244
1777714279850 1.5484519004821777 245
1777714279855 1.6269431114196777 246
1777714279860 1.5587890148162842 247
1777714279865 1.6156452894210815 248
1777714279870 1.7158191204071045 249
1777714279875 1.5534465312957764 250
1777714279880 1.6486384868621826 251
1777714279884 1.6624462604522705 252
1777714279889 1.6233347654342651 253
1777714279893 1.5309399366378784 254
1777714279898 1.647683024406433 255
1777714279904 1.6523690223693848 256
1777714279909 1.7548774480819702 257
1777714279914 1.5701926946640015 258
1777714279918 1.5573222637176514 259
1777714279924 1.6649219989776611 260
1777714280458 1.5149365663528442 261
1777714280463 1.6295607089996338 262
1777714280469 1.6429331302642822 263
1777714280478 1.6924995183944702 264
1777714280482 1.6337710618972778 265
1777714280488 1.6532871723175049 266
1777714280493 1.7325011491775513 267
1777714280498 1.5868781805038452 268
1777714280503 1.6395033597946167 269
1777714280508 1.5918605327606201 270
1777714280513 1.6065956354141235 271
1777714280518 1.7155497074127197 272
1777714280523 1.611768126487732 273
1777714280528 1.5703927278518677 274
1777714280533 1.6741726398468018 275
1777714280538 1.584287405014038 276
1777714280543 1.6300909519195557 277
1777714280548 1.6351522207260132 278
1777714280552 1.608827829360962 279
1777714280557 1.6424970626831055 280
1777714281074 1.6602572202682495 281
1777714281080 1.6281262636184692 282
1777714281086 1.616660714149475 283
1777714281090 1.6476078033447266 284
1777714281096 1.5915799140930176 285
1777714281101 1.6594294309616089 286
1777714281106 1.6279054880142212 287
1777714281111 1.629539966583252 288
1777714281116 1.6128528118133545 289
1777714281121 1.6060707569122314 290
1777714281126 1.6192092895507812 291
1777714281130 1.6247541904449463 292
1777714281136 1.641444206237793 293
1777714281142 1.5788670778274536 294
1777714281146 1.6354957818984985 295
1777714281151 1.662106990814209 296
1777714281155 1.662143588066101 297
1777714281160 1.7699018716812134 298
1777714281164 1.707875370979309 299
1777714281169 1.6941121816635132 300
