1777645026126 2.489480972290039 1
1777645026131 2.397848129272461 2
1777645026139 2.097975969314575 3
1777645026145 2.0134501457214355 4
1777645026151 2.1786112785339355 5
1777645026159 2.257661819458008 6
1777645026165 1.9893183708190918 7
1777645026170 2.0224809646606445 8
1777645026176 1.9646620750427246 9
1777645026180 1.891204595565796 10
1777645026186 1.8667762279510498 11
1777645026191 1.8771222829818726 12
1777645026196 2.0106329917907715 13
1777645026203 1.9491713047027588 14
1777645026208 1.818928837776184 15
1777645026213 1.764176607131958 16
1777645026219 1.804174780845642 17
1777645026224 1.8482414484024048 18
1777645026229 1.8448206186294556 19
1777645026234 1.724124550819397 20
1777645027865 1.8433995246887207 21
1777645027871 1.7332983016967773 22
1777645027877 1.7876337766647339 23
1777645027883 1.8259953260421753 24
1777645027888 1.7496528625488281 25
1777645027893 1.8702211380004883 26
1777645027898 1.837371587753296 27
1777645027903 1.707241177558899 28
1777645027908 1.7432206869125366 29
1777645027913 1.6866083145141602 30
1777645027919 1.6592140197753906 31
1777645027924 1.7047929763793945 32
1777645027929 1.713670253753662 33
1777645027934 1.704032301902771 34
1777645027940 1.7141693830490112 35
1777645027946 1.7319395542144775 36
1777645027952 1.737823247909546 37
1777645027958 1.6619106531143188 38
1777645027963 1.6528619527816772 39
1777645027968 1.648662805557251 40
1777645028534 1.619781255722046 41
1777645028542 1.7206838130950928 42
1777645028549 1.5582765340805054 43
1777645028555 1.6077394485473633 44
1777645028560 1.6961569786071777 45
1777645028564 1.7375770807266235 46
1777645028570 1.6731750965118408 47
1777645028575 1.6462856531143188 48
1777645028580 1.7294713258743286 49
1777645028586 1.6131080389022827 50
1777645028591 1.712563157081604 51
1777645028596 1.5695977210998535 52
1777645028600 1.684181571006775 53
1777645028607 1.6511479616165161 54
1777645028613 1.6383349895477295 55
1777645028620 1.6750752925872803 56
1777645028624 1.747340440750122 57
1777645028629 1.6621873378753662 58
1777645028634 1.703115701675415 59
1777645028641 1.709779143333435 60
1777645029201 1.685375452041626 61
1777645029209 1.6784656047821045 62
1777645029217 1.6758440732955933 63
1777645029223 1.702798843383789 64
1777645029227 1.6881617307662964 65
1777645029231 1.5598533153533936 66
1777645029237 1.6956185102462769 67
1777645029242 1.7081507444381714 68
1777645029246 1.7358591556549072 69
1777645029252 1.5936100482940674 70
1777645029257 1.7027862071990967 71
1777645029262 1.7212485074996948 72
1777645029268 1.6535831689834595 73
1777645029273 1.5968670845031738 74
1777645029277 1.6385955810546875 75
1777645029284 1.6394973993301392 76
1777645029289 1.6143795251846313 77
1777645029294 1.5491933822631836 78
1777645029300 1.6102731227874756 79
1777645029305 1.6807146072387695 80
1777645029870 1.6831437349319458 81
1777645029875 1.5610971450805664 82
1777645029879 1.676003336906433 83
1777645029885 1.6462211608886719 84
1777645029889 1.6871299743652344 85
1777645029893 1.61191987991333 86
1777645029898 1.6819891929626465 87
1777645029903 1.6495862007141113 88
1777645029908 1.6725980043411255 89
1777645029912 1.6612601280212402 90
1777645029918 1.689064621925354 91
1777645029923 1.6486586332321167 92
1777645029928 1.753798007965088 93
1777645029932 1.540461778640747 94
1777645029938 1.6818588972091675 95
1777645029943 1.622237205505371 96
1777645029949 1.656715750694275 97
1777645029955 1.6533788442611694 98
1777645029960 1.6685185432434082 99
1777645029964 1.606130838394165 100
1777645030505 1.6322643756866455 101
1777645030514 1.6715598106384277 102
1777645030520 1.5471067428588867 103
1777645030527 1.7581499814987183 104
1777645030533 1.6996362209320068 105
1777645030538 1.6260894536972046 106
1777645030543 1.6001731157302856 107
1777645030548 1.6403391361236572 108
1777645030553 1.5888502597808838 109
1777645030558 1.6610372066497803 110
1777645030563 1.7034974098205566 111
1777645030570 1.6337611675262451 112
1777645030575 1.577882170677185 113
1777645030582 1.7410187721252441 114
1777645030588 1.783219814300537 115
1777645030595 1.5117344856262207 116
1777645030602 1.5757495164871216 117
1777645030607 1.618269681930542 118
1777645030613 1.6789015531539917 119
1777645030619 1.642104983329773 120
1777645031165 1.5895193815231323 121
1777645031173 1.6226909160614014 122
1777645031181 1.6015485525131226 123
1777645031190 1.7065268754959106 124
1777645031196 1.592253565788269 125
1777645031201 1.6875927448272705 126
1777645031206 1.7052351236343384 127
1777645031211 1.6930357217788696 128
1777645031215 1.636305570602417 129
1777645031221 1.7204819917678833 130
1777645031225 1.605122685432434 131
1777645031230 1.659908413887024 132
1777645031236 1.686529278755188 133
1777645031243 1.6822174787521362 134
1777645031248 1.647639274597168 135
1777645031253 1.665693759918213 136
1777645031258 1.6278150081634521 137
1777645031263 1.753596544265747 138
1777645031267 1.6427385807037354 139
1777645031273 1.6092830896377563 140
1777645031814 1.660519003868103 141
1777645031822 1.6371573209762573 142
1777645031831 1.5916253328323364 143
1777645031839 1.6571698188781738 144
1777645031848 1.6186561584472656 145
1777645031855 1.6261141300201416 146
1777645031861 1.6445192098617554 147
1777645031867 1.6099567413330078 148
1777645031872 1.68777334690094 149
1777645031877 1.5743441581726074 150
1777645031882 1.6512117385864258 151
1777645031888 1.6301945447921753 152
1777645031893 1.588698148727417 153
1777645031898 1.6237753629684448 154
1777645031905 1.6497541666030884 155
1777645031910 1.6410895586013794 156
1777645031915 1.7042524814605713 157
1777645031921 1.6776912212371826 158
1777645031927 1.7219563722610474 159
1777645031931 1.6734740734100342 160
1777645032571 1.6197224855422974 161
1777645032576 1.571048378944397 162
1777645032580 1.6752020120620728 163
1777645032586 1.6913132667541504 164
1777645032591 1.6480391025543213 165
1777645032595 1.569807529449463 166
1777645032599 1.7105193138122559 167
1777645032605 1.5966719388961792 168
1777645032609 1.651584267616272 169
1777645032614 1.533489465713501 170
1777645032619 1.713107943534851 171
1777645032624 1.628759741783142 172
1777645032628 1.7173699140548706 173
1777645032633 1.6485943794250488 174
1777645032637 1.6337021589279175 175
1777645032642 1.7371877431869507 176
1777645032648 1.515781044960022 177
1777645032653 1.5445070266723633 178
1777645032659 1.6417495012283325 179
1777645032664 1.663617730140686 180
1777645033205 1.5801857709884644 181
1777645033212 1.5277475118637085 182
1777645033220 1.68535578250885 183
1777645033227 1.6568273305892944 184
1777645033232 1.6713649034500122 185
1777645033237 1.5675222873687744 186
1777645033242 1.6619386672973633 187
1777645033246 1.7110060453414917 188
1777645033251 1.7104542255401611 189
1777645033256 1.5738072395324707 190
1777645033261 1.632002830505371 191
1777645033266 1.5783429145812988 192
1777645033271 1.7147059440612793 193
1777645033276 1.6638025045394897 194
1777645033281 1.6171218156814575 195
1777645033285 1.6446081399917603 196
1777645033290 1.6379406452178955 197
1777645033295 1.7346845865249634 198
1777645033300 1.6928441524505615 199
1777645033305 1.6360892057418823 200
1777645033857 1.5847355127334595 201
1777645033864 1.6856627464294434 202
1777645033872 1.6006948947906494 203
1777645033880 1.629242181777954 204
1777645033889 1.5452020168304443 205
1777645033895 1.6473324298858643 206
1777645033900 1.554780125617981 207
1777645033905 1.5845434665679932 208
1777645033911 1.6197013854980469 209
1777645033915 1.6484768390655518 210
1777645033920 1.536264181137085 211
1777645033925 1.5439019203186035 212
1777645033931 1.5995244979858398 213
1777645033936 1.7258468866348267 214
1777645033941 1.6522200107574463 215
1777645033947 1.5890191793441772 216
1777645033951 1.7034155130386353 217
1777645033957 1.6733096837997437 218
1777645033962 1.6319036483764648 219
1777645033967 1.6686700582504272 220
1777645034515 1.6355278491973877 221
1777645034525 1.6056201457977295 222
1777645034531 1.704789161682129 223
1777645034538 1.6943104267120361 224
1777645034543 1.618735909461975 225
1777645034548 1.5409711599349976 226
1777645034553 1.6640825271606445 227
1777645034558 1.5192183256149292 228
1777645034562 1.629496693611145 229
1777645034567 1.6288310289382935 230
1777645034571 1.5709201097488403 231
1777645034577 1.6023156642913818 232
1777645034582 1.6720483303070068 233
1777645034588 1.6012022495269775 234
1777645034593 1.6138770580291748 235
1777645034597 1.6713218688964844 236
1777645034602 1.6400338411331177 237
1777645034608 1.59749436378479 238
1777645034613 1.6633213758468628 239
1777645034617 1.589053988456726 240
1777645035174 1.6029646396636963 241
1777645035182 1.6394424438476562 242
1777645035189 1.5798494815826416 243
1777645035194 1.5980918407440186 244
1777645035200 1.5393240451812744 245
1777645035206 1.6314125061035156 246
1777645035211 1.5776457786560059 247
1777645035216 1.6179265975952148 248
1777645035221 1.6916968822479248 249
1777645035226 1.5575093030929565 250
1777645035230 1.64415442943573 251
1777645035235 1.6688674688339233 252
1777645035240 1.6079424619674683 253
1777645035246 1.5273258686065674 254
1777645035251 1.6201144456863403 255
1777645035256 1.6609747409820557 256
1777645035261 1.7582954168319702 257
1777645035265 1.575357437133789 258
1777645035270 1.6009975671768188 259
1777645035275 1.692325234413147 260
1777645035845 1.5353810787200928 261
1777645035851 1.6315128803253174 262
1777645035856 1.6289217472076416 263
1777645035861 1.6536307334899902 264
1777645035865 1.6466223001480103 265
1777645035871 1.664773941040039 266
1777645035876 1.7302186489105225 267
1777645035881 1.5660988092422485 268
1777645035886 1.639706015586853 269
1777645035891 1.5955045223236084 270
1777645035895 1.6170616149902344 271
1777645035900 1.7102478742599487 272
1777645035906 1.587952971458435 273
1777645035910 1.549067497253418 274
1777645035915 1.6529040336608887 275
1777645035921 1.5709699392318726 276
1777645035927 1.6381027698516846 277
1777645035932 1.6288121938705444 278
1777645035938 1.6056060791015625 279
1777645035943 1.6333848237991333 280
1777645036495 1.6438502073287964 281
1777645036501 1.6064784526824951 282
1777645036506 1.6178250312805176 283
1777645036510 1.677765965461731 284
1777645036516 1.6071116924285889 285
1777645036521 1.6319544315338135 286
1777645036526 1.6099536418914795 287
1777645036530 1.6407721042633057 288
1777645036536 1.6079392433166504 289
1777645036541 1.6253607273101807 290
1777645036547 1.634564757347107 291
1777645036553 1.6170079708099365 292
1777645036559 1.6553411483764648 293
1777645036564 1.5838136672973633 294
1777645036569 1.6362460851669312 295
1777645036573 1.662050724029541 296
1777645036579 1.642236590385437 297
1777645036584 1.7537493705749512 298
1777645036589 1.6834815740585327 299
1777645036593 1.6661823987960815 300
